17
35340 45536 16
35432 45715 45
35440 45722 49
35508 45785 23
35558 45827 43
35607 45723 24
35480 45688 46
35596 45738 36
35516 45793 9
35518 45794 41
35626 45829 11
35606 45874 45
35678 45891 7
35682 45951 25
35679 45953 16
35730 46015 50
35744 46002 10
0 20 50 110 130 70 130 60 60 110 150 210 20 20 260 280 130
10 0 50 110 130 80 130 50 50 110 150 210 20 20 260 280 130
50 50 0 80 120 80 110 10 10 60 120 170 150 150 220 240 110
110 110 80 0 50 80 50 80 80 10 40 90 10 10 150 160 30
130 130 120 50 0 70 0 110 120 150 60 90 140 130 170 170 30
70 80 80 80 70 0 70 80 90 140 110 160 180 180 230 230 80
130 130 110 50 0 70 0 110 110 140 60 90 130 130 170 170 20
60 50 10 80 110 80 110 0 0 60 110 170 140 150 210 230 10
60 50 10 80 120 90 110 0 0 60 110 170 140 150 210 230 110
110 110 60 10 150 140 140 60 60 0 120 170 120 120 190 220 130
150 150 120 40 60 110 60 110 110 120 0 60 70 70 120 120 40
210 210 170 90 90 160 90 170 170 170 60 0 90 80 80 80 70
20 20 150 10 140 180 130 140 140 120 70 90 0 0 80 110 110
20 20 150 10 130 180 130 150 150 120 70 80 0 0 70 110 110
260 260 220 150 170 230 170 210 210 190 120 80 80 70 0 50 150
280 280 240 160 170 230 170 230 230 220 120 80 110 110 50 0 150
130 130 110 30 30 80 20 10 110 130 40 70 110 110 150 150 0 
