15
6749 6997 29
6773 6993 27
6718 6967 13
6707 6965 10
6707 6966 31
6700 6976 28
6727 6967 46
6744 6980 1
6726 7007 37
6917 7056 3
6758 7038 13
6826 7092 6
6898 7090 15
6401 7345 180
6838 7102 29
0 2 2 3 3 8 11 11 5 11 5 6 12 13 8 
2 0 4 5 5 10 13 13 7 9 7 5 13 15 9 
2 4 0 1 1 7 10 10 4 13 6 8 13 12 10 
3 5 1 0 0 6 9 9 4 14 5 9 13 11 10 
3 5 1 0 0 6 9 9 3 14 5 9 13 11 10 
8 10 7 6 6 0 3 3 4 18 5 12 10 6 9 
11 13 10 9 9 3 0 1 6 20 7 13 10 3 9 
11 13 10 9 9 3 1 0 6 19 6 13 9 2 8 
5 7 4 4 3 4 6 6 0 14 2 8 10 8 7 
11 9 13 14 14 18 20 19 14 0 13 7 16 21 12 
5 7 6 5 5 5 7 6 2 13 0 7 8 8 5 
6 5 8 9 9 12 13 13 8 7 7 0 10 14 6 
12 13 13 13 13 10 10 9 10 16 8 10 0 8 4 
13 15 12 11 11 6 3 2 8 21 8 14 8 0 9 
8 9 10 10 10 9 9 8 7 12 5 6 4 9 0 